0.00 12.13 34.39 35.39 7.34 69.43 122.70 255.34 211.71 3.22 10.43 37.30 0.34 2.34 27.28 22.19 2.55 2.67 12.98 0.40 5.85 190.59 204.27 67.54 76.78 327.32 82.76 83.29 54.30 51.50 13.85 361.39 58.58 252.90 60.75 101.76 55.47 154.91 158.26 11.03 29.40 2.80 122.07 223.49 5.56 92.60 12.34 121.29 18.84 322.73 2.20 78.43 237.54 13.52 190.59 8.14 76.24 370.95 136.76 228.30 86.78 79.61 105.44 158.73 214.45 333.80 98.42 119.69 184.09
12.13 0.00 30.22 32.06 19.47 59.14 134.42 264.72 223.76 15.34 2.01 32.71 11.79 14.46 16.17 14.61 14.42 9.77 8.79 11.79 17.97 201.63 213.60 70.39 87.01 335.77 94.50 81.70 48.62 53.69 17.89 371.71 48.39 260.97 48.81 113.88 44.71 166.98 169.57 22.16 40.25 14.93 134.16 232.57 10.58 104.71 13.65 133.38 22.64 332.80 10.57 87.03 249.02 12.03 201.63 15.52 64.45 381.00 148.64 239.98 94.04 89.01 105.13 170.57 226.56 343.91 110.55 130.95 194.12
34.39 30.22 0.00 2.80 38.75 77.07 135.42 251.53 227.50 36.28 29.59 3.01 34.19 35.44 39.17 43.35 34.57 32.24 38.98 34.03 37.86 196.49 200.65 100.36 81.40 319.18 97.20 111.37 20.12 29.82 22.89 361.66 33.85 243.68 47.47 121.47 34.06 177.34 166.56 44.56 44.68 36.05 140.22 218.56 37.53 112.28 22.23 143.64 51.72 321.84 34.88 112.28 264.53 42.05 196.49 28.42 58.86 369.77 161.83 254.14 121.12 112.80 135.14 183.84 231.88 333.09 119.68 128.57 184.11
35.39 32.06 2.80 0.00 39.31 79.85 133.54 248.84 225.70 37.07 31.30 4.00 35.21 36.28 41.66 45.51 35.37 33.37 40.76 35.04 38.50 194.16 197.98 101.90 79.23 316.40 95.54 113.48 19.91 27.02 23.20 359.06 35.82 240.89 50.06 120.12 36.34 176.11 164.37 45.24 43.68 36.88 138.70 215.85 38.84 110.95 23.09 142.46 53.12 319.21 36.03 112.81 263.71 43.74 194.16 28.97 61.17 367.13 160.89 253.20 121.93 113.12 137.13 182.87 230.20 330.46 118.46 126.47 181.55
7.34 19.47 38.75 39.31 0.00 75.82 115.71 249.92 204.45 4.13 17.77 41.75 7.69 5.03 34.29 28.26 5.29 9.86 19.05 7.69 1.50 184.06 198.92 66.61 71.01 322.48 75.78 84.87 58.87 51.76 16.22 355.32 65.17 248.34 68.05 94.44 62.31 147.59 151.56 6.20 23.59 4.55 114.77 218.30 11.08 85.29 16.72 113.95 19.85 316.83 9.08 73.53 230.55 18.54 184.06 10.35 83.47 365.05 129.54 221.19 82.75 74.15 106.08 151.53 207.13 327.87 91.08 113.05 178.28
69.43 59.14 77.07 79.85 75.82 0.00 190.87 323.77 277.13 72.15 61.13 77.66 69.15 71.57 43.01 47.59 71.97 67.89 56.78 69.24 74.46 259.89 272.64 78.05 146.03 394.12 151.12 64.74 84.65 106.60 76.52 430.74 63.40 318.99 43.23 166.77 57.65 215.36 227.30 75.08 98.82 71.78 187.48 291.48 64.75 158.02 71.98 183.07 62.88 391.92 67.28 115.80 288.32 57.64 259.89 74.63 52.07 440.12 194.38 281.56 115.23 121.42 88.11 215.37 278.60 403.01 162.33 188.85 253.24
122.70 134.42 135.42 133.54 115.71 190.87 0.00 152.63 92.42 119.67 132.49 137.54 123.02 120.40 149.96 143.50 120.22 124.75 134.55 122.97 117.16 72.55 107.04 146.97 56.30 231.04 39.94 177.01 148.92 116.32 120.50 246.40 169.27 165.57 179.79 32.75 169.04 60.91 38.83 115.82 94.76 120.07 23.05 127.14 126.68 37.61 124.73 42.80 128.62 210.49 124.69 112.19 153.60 133.33 72.55 119.68 193.40 258.08 63.52 139.37 126.40 104.26 187.46 77.33 97.96 220.95 39.45 15.72 80.18
255.34 264.72 251.53 248.84 249.92 323.77 152.63 0.00 140.86 253.03 262.74 252.22 255.58 253.43 280.77 277.51 252.85 256.48 268.32 255.46 251.08 86.73 51.13 296.28 179.03 78.92 183.37 324.92 255.07 222.71 247.26 114.08 281.15 40.49 298.71 185.38 283.63 185.70 116.08 252.53 226.32 253.35 171.20 33.41 260.55 189.46 251.80 189.69 267.55 73.15 257.54 264.52 244.67 268.39 86.73 249.33 307.72 119.45 202.96 228.91 278.91 256.73 338.13 204.02 153.18 84.35 192.08 145.52 73.60
211.71 223.76 227.50 225.70 204.45 277.13 92.42 140.86 0.00 208.55 221.92 229.71 212.04 209.37 238.53 231.02 209.34 213.99 222.57 212.02 205.94 67.78 122.29 219.99 148.52 213.60 130.56 250.71 241.34 208.60 211.32 193.29 261.31 173.09 270.73 110.44 260.80 69.62 72.27 203.45 185.41 208.96 89.81 134.62 215.02 119.38 215.33 95.81 214.28 167.62 213.53 178.07 103.83 220.82 67.78 209.79 284.87 208.78 93.34 88.05 188.97 169.85 254.53 81.70 12.55 175.37 114.82 102.31 101.37
3.22 15.34 36.28 37.07 4.13 72.15 119.67 253.03 208.55 0.00 13.65 39.23 3.56 0.97 30.30 24.69 1.71 5.79 15.43 3.58 2.63 187.78 202.00 66.92 74.29 325.28 79.73 83.79 56.32 51.61 14.59 358.80 61.49 250.98 63.96 98.57 58.49 151.70 155.37 8.40 26.84 0.41 118.89 221.29 7.53 89.41 14.05 118.07 18.82 320.21 5.02 76.15 234.44 15.41 187.78 8.53 79.42 368.43 133.58 225.15 84.87 77.10 105.54 155.55 211.26 331.26 95.21 116.82 181.61
10.43 2.01 29.59 31.30 17.77 61.13 132.49 262.74 221.92 13.65 0.00 32.18 10.09 12.74 18.18 16.23 12.63 7.96 9.50 10.08 16.28 199.64 211.62 70.81 85.00 333.83 92.57 82.82 48.38 52.25 16.03 369.70 49.23 259.06 50.34 112.10 45.73 165.34 167.59 20.81 38.26 13.24 132.35 230.60 9.63 102.92 11.90 131.72 22.59 330.80 9.06 86.42 247.69 12.46 199.64 13.52 65.90 379.00 147.13 238.56 93.71 88.22 106.08 169.08 224.76 341.90 108.82 128.97 192.12
37.30 32.71 3.01 4.00 41.75 77.66 137.54 252.22 229.71 39.23 32.18 0.00 37.09 38.40 40.83 45.50 37.52 35.12 41.49 36.94 40.84 198.03 201.42 102.98 83.19 319.45 99.53 113.50 17.12 29.92 25.90 362.64 31.84 243.90 46.53 124.02 32.48 179.97 168.32 47.53 47.41 39.01 142.65 219.19 40.33 114.84 25.19 146.29 54.45 322.74 37.74 115.27 267.35 44.62 198.03 31.42 57.31 370.62 164.61 256.92 124.06 115.81 137.39 186.60 234.19 334.00 122.31 130.45 185.20
0.34 11.79 34.19 35.21 7.69 69.15 123.02 255.58 212.04 3.56 10.09 37.09 0.00 2.68 26.97 21.94 2.84 2.35 12.75 0.18 6.19 190.88 204.51 67.62 77.04 327.53 83.08 83.26 54.08 51.49 13.79 361.66 58.26 253.09 60.41 102.10 55.14 155.26 158.56 11.34 29.68 3.15 122.40 223.72 5.43 92.94 12.18 121.63 18.89 322.99 1.98 78.69 237.88 13.36 190.88 8.16 75.90 371.21 137.10 228.63 87.00 79.89 105.45 159.07 214.79 334.06 98.76 119.99 184.35
2.34 14.46 35.44 36.28 5.03 71.57 120.40 253.43 209.37 0.97 12.74 38.40 2.68 0.00 29.57 24.19 1.00 4.85 14.94 2.67 3.54 188.39 202.38 67.42 74.76 325.57 80.46 83.99 55.47 51.20 13.98 359.31 60.53 251.23 63.03 99.42 57.52 152.61 156.02 9.32 27.33 0.63 119.72 221.65 7.14 90.26 13.22 118.98 19.13 320.70 4.32 77.03 235.41 15.11 188.39 7.95 78.48 368.92 134.52 226.11 85.68 78.03 105.86 156.50 212.11 331.75 96.09 117.47 182.08
27.28 16.17 39.17 41.66 34.29 43.01 149.96 280.77 238.53 30.30 18.18 40.83 26.97 29.57 0.00 9.87 29.79 25.38 16.15 27.03 32.83 217.68 229.65 68.67 103.18 351.49 110.03 73.76 53.67 66.59 33.58 387.88 44.82 276.54 38.40 128.28 39.76 180.19 185.48 35.20 56.29 29.89 148.76 248.54 23.51 119.21 29.09 146.86 28.41 348.96 25.28 93.03 259.82 18.54 217.68 31.70 54.43 397.16 160.96 251.41 97.77 96.28 98.23 182.71 240.96 360.07 124.58 146.89 210.28
22.19 14.61 43.35 45.51 28.26 47.59 143.50 277.51 231.02 24.69 16.23 45.50 21.94 24.19 9.87 0.00 24.71 21.09 9.26 22.06 26.92 212.31 226.44 60.00 98.95 349.26 103.66 68.02 60.03 68.25 32.12 383.49 53.97 274.67 48.25 120.60 49.14 171.63 179.72 27.74 51.52 24.34 141.21 245.61 17.21 111.64 28.12 138.50 18.77 344.89 20.00 83.16 250.35 10.22 212.31 28.59 64.27 393.11 152.03 242.11 88.04 86.44 91.95 173.69 233.12 355.95 116.63 141.26 206.27
2.55 14.42 34.57 35.37 5.29 71.97 120.22 252.85 209.34 1.71 12.63 37.52 2.84 1.00 29.79 24.71 0.00 4.67 15.47 2.77 3.88 188.04 201.79 68.42 74.25 324.90 80.28 84.94 54.61 50.21 12.98 358.85 59.98 250.52 62.81 99.47 57.06 152.81 155.73 10.09 26.86 1.52 119.73 221.03 7.82 90.30 12.34 119.15 20.11 320.20 4.72 77.85 235.82 15.82 188.04 6.95 78.20 368.42 134.82 226.47 86.57 78.78 106.84 156.82 212.14 331.26 96.20 117.16 181.57
2.67 9.77 32.24 33.37 9.86 67.89 124.75 256.48 213.99 5.79 7.96 35.12 2.35 4.85 25.38 21.09 4.67 0.00 12.12 2.27 8.38 192.32 205.39 69.04 78.16 328.18 84.81 83.94 52.04 50.61 12.81 362.85 55.91 253.64 58.19 104.14 52.80 157.44 160.10 13.68 30.97 5.39 124.40 224.53 5.97 94.97 10.54 123.80 20.16 324.10 2.68 80.89 240.20 13.34 192.32 7.80 73.63 372.32 139.37 230.94 89.07 82.17 106.39 161.34 216.81 335.18 100.87 121.51 185.44
12.98 8.79 38.98 40.76 19.05 56.78 134.55 268.32 222.57 15.43 9.50 41.49 12.75 14.94 16.15 9.26 15.47 12.12 0.00 12.87 17.69 203.11 217.25 61.61 89.69 340.23 94.66 73.42 57.36 61.32 24.07 374.23 55.56 265.74 53.29 112.24 51.40 164.05 170.59 19.12 42.26 15.08 132.77 236.47 7.98 103.21 20.57 130.71 14.58 335.63 10.78 79.79 244.28 3.45 203.11 19.84 69.25 383.85 144.94 235.65 86.12 82.27 96.60 166.74 224.89 346.69 108.47 132.10 197.01
0.40 11.79 34.03 35.04 7.69 69.24 122.97 255.46 212.02 3.58 10.08 36.94 0.18 2.67 27.03 22.06 2.77 2.27 12.87 0.00 6.20 190.80 204.39 67.80 76.93 327.39 83.03 83.44 53.93 51.31 13.61 361.56 58.17 252.95 60.38 102.09 55.07 155.27 158.49 11.44 29.58 3.17 122.39 223.60 5.59 92.93 12.01 121.64 19.07 322.89 2.12 78.82 237.93 13.51 190.80 7.98 75.86 371.11 137.14 228.68 87.15 80.01 105.63 159.11 214.78 333.95 98.76 119.92 184.24
5.85 17.97 37.86 38.50 1.50 74.46 117.16 251.08 205.94 2.63 16.28 40.84 6.19 3.54 32.83 26.92 3.88 8.38 17.69 6.20 0.00 185.43 200.07 66.64 72.22 323.52 77.22 84.41 57.96 51.71 15.56 356.61 63.85 249.33 66.57 95.94 60.94 149.07 152.96 6.76 24.77 3.05 116.27 219.41 9.71 86.79 15.71 115.44 19.34 318.08 7.59 74.43 231.95 17.33 185.43 9.56 82.01 366.30 131.00 222.61 83.46 75.18 105.82 152.98 208.63 329.12 92.58 114.44 179.51
190.59 201.63 196.49 194.16 184.06 259.89 72.55 86.73 67.78 187.78 199.64 198.03 190.88 188.39 217.68 212.31 188.04 192.32 203.11 190.80 185.43 0.00 55.56 219.51 115.64 165.33 109.85 249.56 205.88 171.72 185.86 173.87 229.55 111.01 243.33 104.18 230.49 99.09 33.74 185.15 161.39 188.16 87.26 70.76 195.14 110.06 190.35 104.48 198.93 138.19 192.70 183.66 167.39 202.35 0.00 186.26 255.33 185.59 116.37 151.33 197.43 175.53 259.74 117.60 79.91 148.52 110.70 71.16 33.78
204.27 213.60 200.65 197.98 198.92 272.64 107.04 51.13 122.29 202.00 211.62 201.42 204.51 202.38 229.65 226.44 201.79 205.39 217.25 204.39 200.07 55.56 0.00 246.93 128.16 125.76 134.17 275.06 204.84 172.07 196.13 162.30 230.73 59.09 247.94 139.37 233.04 149.93 74.77 201.64 175.34 202.32 127.78 20.33 209.51 142.34 200.67 147.30 216.74 121.81 206.47 217.12 222.94 217.37 55.56 198.22 257.30 169.35 163.62 206.89 231.75 209.60 289.15 168.83 134.69 133.10 146.03 97.70 27.52
67.54 70.39 100.36 101.90 66.61 78.05 146.97 296.28 219.99 66.92 70.81 102.98 67.62 67.42 68.67 60.00 68.42 69.04 61.61 67.80 66.64 219.51 246.93 0.00 122.61 372.66 112.92 30.80 118.95 118.35 81.33 393.30 113.47 301.27 103.55 116.04 108.27 152.43 185.80 60.63 83.43 66.95 135.39 267.14 63.25 109.49 79.58 124.48 48.91 357.36 66.38 43.32 214.42 58.39 219.51 75.37 118.61 405.04 129.25 209.31 38.27 50.96 42.72 147.97 218.83 367.88 109.90 151.15 222.70
76.78 87.01 81.40 79.23 71.01 146.03 56.30 179.03 148.52 74.29 85.00 83.19 77.04 74.76 103.18 98.95 74.25 78.16 89.69 76.93 72.22 115.64 128.16 122.61 0.00 252.63 27.40 148.70 93.21 60.09 70.50 284.72 115.00 179.57 127.78 55.11 115.45 109.19 85.16 73.50 47.46 74.63 67.70 147.78 81.82 48.39 75.04 78.98 88.58 245.96 78.96 102.56 202.30 89.55 115.64 71.49 140.21 294.17 101.36 189.43 117.11 97.10 165.33 121.19 154.26 257.03 57.37 47.38 107.32
327.32 335.77 319.18 316.40 322.48 394.12 231.04 78.92 213.60 325.28 333.83 319.45 327.53 325.57 351.49 349.26 324.90 328.18 340.23 327.39 323.52 165.33 125.76 372.66 252.63 0.00 259.93 400.55 319.70 289.53 317.96 92.41 346.14 75.65 365.21 263.75 349.36 263.86 194.95 325.67 299.04 325.57 250.03 105.52 332.71 267.43 322.41 268.60 340.95 68.64 329.51 342.44 315.97 340.67 165.33 320.72 372.41 84.96 281.69 300.71 356.96 334.78 414.91 281.93 225.32 72.24 270.45 223.04 151.15
82.76 94.50 97.20 95.54 75.78 151.12 39.94 183.37 130.56 79.73 92.57 99.53 83.08 80.46 110.03 103.66 80.28 84.81 94.66 83.03 77.22 109.85 134.17 112.92 27.40 259.93 0.00 141.74 112.30 81.74 80.94 283.11 130.90 189.73 140.34 28.10 130.26 83.73 76.57 76.04 55.06 80.13 43.64 154.44 86.77 20.99 85.07 52.16 89.27 245.92 84.75 84.79 176.02 93.51 109.85 79.85 154.32 293.95 74.21 163.61 99.63 78.06 154.98 94.52 134.68 256.68 29.98 39.04 109.81
83.29 81.70 111.37 113.48 84.87 64.74 177.01 324.92 250.71 83.79 82.82 113.50 83.26 83.99 73.76 68.02 84.94 83.94 73.42 83.44 84.41 249.56 275.06 30.80 148.70 400.55 141.74 0.00 127.40 134.49 96.74 423.42 115.54 328.21 100.67 146.52 109.76 182.88 215.82 79.78 105.58 83.68 166.06 295.14 78.01 139.71 93.79 155.27 65.07 387.12 81.55 73.30 241.14 71.01 249.56 91.42 113.60 434.93 159.54 237.01 65.54 81.24 24.87 177.72 249.40 397.72 140.47 180.43 251.47
54.30 48.62 20.12 19.91 58.87 84.65 148.92 255.07 241.34 56.32 48.38 17.12 54.08 55.47 53.67 60.03 54.61 52.04 57.36 53.93 57.96 205.88 204.84 118.95 93.21 319.70 112.30 127.40 0.00 34.16 42.96 366.90 26.45 244.05 46.57 137.94 30.12 194.24 177.53 64.64 62.82 56.08 155.84 221.76 57.03 128.89 42.29 160.78 70.93 326.61 54.62 132.39 282.81 60.64 205.88 48.54 52.82 374.16 179.78 272.03 141.08 132.90 151.73 201.68 246.42 337.90 136.72 140.52 190.56
51.50 53.69 29.82 27.02 51.76 106.60 116.32 222.71 208.60 51.61 52.25 29.92 51.49 51.20 66.59 68.25 50.21 50.61 61.32 51.31 51.71 171.72 172.07 118.35 60.09 289.53 81.74 134.49 34.16 0.00 37.80 333.72 58.90 213.98 76.07 108.84 60.98 165.21 143.60 57.83 42.10 51.62 125.27 189.58 56.57 100.19 40.77 132.51 70.29 293.64 53.08 120.10 256.13 63.51 171.72 43.39 85.39 341.39 152.99 244.45 131.48 118.54 156.94 174.44 214.21 304.91 108.64 107.04 156.82
13.85 17.89 22.89 23.20 16.22 76.52 120.50 247.26 211.32 14.59 16.03 25.90 13.79 13.98 33.58 32.12 12.98 12.81 24.07 13.61 15.56 185.86 196.13 81.33 70.50 317.96 80.94 96.74 42.96 37.80 0.00 354.88 52.42 243.11 59.42 102.85 50.57 157.74 154.36 22.31 25.91 14.49 122.48 214.97 18.77 93.59 4.57 123.94 32.68 315.76 15.30 89.62 243.16 25.91 185.86 6.07 73.74 363.93 141.05 233.22 98.97 89.95 119.17 163.10 214.85 326.90 100.32 115.78 177.13
361.39 371.71 361.66 359.06 355.32 430.74 246.40 114.08 193.29 358.80 369.70 362.64 361.66 359.31 387.88 383.49 358.85 362.85 374.23 361.56 356.61 173.87 162.30 393.30 284.72 92.41 283.11 423.42 366.90 333.72 354.88 0.00 392.57 140.75 409.12 277.54 394.64 258.34 207.60 357.06 331.99 359.15 259.32 147.14 366.29 283.81 359.44 274.24 371.41 40.93 363.57 356.37 282.92 373.84 173.87 356.19 419.11 17.74 280.43 269.80 369.62 348.12 433.08 273.46 202.02 29.79 283.91 244.09 177.83
58.58 48.39 33.85 35.82 65.17 63.40 169.27 281.15 261.31 61.49 49.23 31.84 58.26 60.53 44.82 53.97 59.98 55.91 55.56 58.17 63.85 229.55 230.73 113.47 115.00 346.14 130.90 115.54 26.45 58.90 52.42 392.57 0.00 270.50 21.43 154.57 5.93 209.97 200.10 69.58 77.29 61.13 173.67 247.89 58.85 145.33 49.50 176.19 70.12 352.41 57.88 135.28 295.37 58.98 229.55 56.12 26.58 400.08 193.47 285.59 141.51 137.40 140.40 215.52 265.57 363.69 152.41 162.28 215.69
252.90 260.97 243.68 240.89 248.34 318.99 165.57 40.49 173.09 250.98 259.06 243.90 253.09 251.23 276.54 274.67 250.52 253.64 265.74 252.95 249.33 111.01 59.09 301.27 179.57 75.65 189.73 328.21 244.05 213.98 243.11 140.75 270.50 0.00 289.58 197.51 273.71 208.39 133.77 251.82 225.10 251.25 186.72 40.44 258.35 199.85 247.52 206.32 267.18 101.46 255.07 273.95 276.38 266.34 111.01 246.08 296.77 141.74 222.65 260.39 288.71 266.68 343.86 227.23 185.63 111.59 204.11 155.19 86.60
60.75 48.81 47.47 50.06 68.05 43.23 179.79 298.71 270.73 63.96 50.34 46.53 60.41 63.03 38.40 48.25 62.81 58.19 53.29 60.38 66.57 243.33 247.94 103.55 127.78 365.21 140.34 100.67 46.57 76.07 59.42 409.12 21.43 289.58 0.00 161.75 16.53 215.61 212.72 70.91 85.33 63.55 181.68 265.63 59.04 152.52 55.41 181.93 66.72 369.27 59.36 131.33 297.50 56.27 243.33 61.18 16.04 417.15 197.44 288.68 135.43 134.69 125.41 219.38 274.12 380.52 158.79 174.33 231.58
101.76 113.88 121.47 120.12 94.44 166.77 32.75 185.38 110.44 98.57 112.10 124.02 102.10 99.42 128.28 120.60 99.47 104.14 112.24 102.09 95.94 104.18 139.37 116.04 55.11 263.75 28.10 146.52 137.94 108.84 102.85 277.54 154.57 197.51 161.75 0.00 153.28 56.44 70.80 93.12 77.31 98.98 20.72 159.56 104.81 9.26 106.53 24.06 103.89 242.37 103.49 79.65 147.99 110.42 104.18 100.58 176.52 289.68 46.25 135.78 93.73 71.64 155.61 66.42 112.70 252.67 6.71 42.72 112.76
55.47 44.71 34.06 36.34 62.31 57.65 169.04 283.63 260.80 58.49 45.73 32.48 55.14 57.52 39.76 49.14 57.06 52.80 51.40 55.07 60.94 230.49 233.04 108.27 115.45 349.36 130.26 109.76 30.12 60.98 50.57 394.64 5.93 273.71 16.53 153.28 0.00 208.31 200.61 66.38 76.00 58.12 172.65 250.45 55.27 144.02 47.28 174.51 65.87 354.60 54.59 131.18 292.83 54.77 230.49 53.75 24.83 402.37 191.33 283.29 137.01 133.56 134.63 213.37 264.80 365.87 150.88 162.55 217.44
154.91 166.98 177.34 176.11 147.59 215.36 60.91 185.70 69.62 151.70 165.34 179.97 155.26 152.61 180.19 171.63 152.81 157.44 164.05 155.27 149.07 99.09 149.93 152.43 109.19 263.86 83.73 182.88 194.24 165.21 157.74 258.34 209.97 208.39 215.61 56.44 208.31 0.00 75.92 145.24 132.79 152.11 41.83 167.99 157.19 65.37 161.12 33.80 153.61 228.45 156.42 109.68 93.59 161.76 99.09 154.85 230.85 272.76 23.79 80.27 119.82 101.64 185.35 18.91 66.71 237.44 57.65 76.56 122.81
158.26 169.57 166.56 164.37 151.56 227.30 38.83 116.08 72.27 155.37 167.59 168.32 158.56 156.02 185.48 179.72 155.73 160.10 170.59 158.49 152.96 33.74 74.77 185.80 85.16 194.95 76.57 215.82 177.53 143.60 154.36 207.60 200.10 133.77 212.72 70.80 200.61 75.92 0.00 152.33 129.34 155.75 55.16 93.79 162.63 76.39 158.78 73.73 165.82 171.71 160.34 150.43 157.76 169.67 33.74 154.35 225.36 219.26 88.88 142.09 164.40 142.38 226.18 94.80 81.79 182.13 77.40 38.62 47.31
11.03 22.16 44.56 45.24 6.20 75.08 115.82 252.53 203.45 8.40 20.81 47.53 11.34 9.32 35.20 27.74 10.09 13.68 19.12 11.44 6.76 185.15 201.64 60.63 73.50 325.67 76.04 79.78 64.64 57.83 22.31 357.06 69.58 251.82 70.91 93.12 66.38 145.24 152.33 0.00 26.73 8.70 113.65 221.17 11.96 84.09 22.35 111.78 15.39 318.83 11.80 67.78 226.88 17.53 185.15 16.32 86.60 367.04 126.57 217.82 76.71 68.70 100.54 148.48 205.78 329.81 89.38 114.01 180.46
29.40 40.25 44.68 43.68 23.59 98.82 94.76 226.32 185.41 26.84 38.26 47.41 29.68 27.33 56.29 51.52 26.86 30.97 42.26 29.58 24.77 161.39 175.34 83.43 47.46 299.04 55.06 105.58 62.82 42.10 25.91 331.99 77.29 225.10 85.33 77.31 76.00 132.79 129.34 26.73 0.00 27.18 96.70 194.73 34.36 68.06 30.01 99.04 42.12 293.38 31.57 78.46 220.07 42.10 161.39 25.04 99.57 341.60 117.21 209.52 90.55 76.52 125.06 139.19 189.00 304.43 75.17 90.72 154.77
2.80 14.93 36.05 36.88 4.55 71.78 120.07 253.35 208.96 0.41 13.24 39.01 3.15 0.63 29.89 24.34 1.52 5.39 15.08 3.17 3.05 188.16 202.32 66.95 74.63 325.57 80.13 83.68 56.08 51.62 14.49 359.15 61.13 251.25 63.55 98.98 58.12 152.11 155.75 8.70 27.18 0.00 119.30 221.60 7.20 89.83 13.83 118.48 18.76 320.56 4.62 76.41 234.83 15.11 188.16 8.45 79.02 368.78 133.98 225.55 85.08 77.40 105.49 155.95 211.67 331.61 95.62 117.21 181.95
122.07 134.16 140.22 138.70 114.77 187.48 23.05 171.20 89.81 118.89 132.35 142.65 122.40 119.72 148.76 141.21 119.73 124.40 132.77 122.39 116.27 87.26 127.78 135.39 67.70 250.03 43.64 166.06 155.84 125.27 122.48 259.32 173.67 186.72 181.68 20.72 172.65 41.83 55.16 113.65 96.70 119.30 0.00 147.56 125.26 29.57 126.31 19.95 124.60 225.06 123.84 97.05 135.40 131.01 87.26 120.53 196.22 271.93 40.64 122.04 110.45 88.81 173.94 56.16 92.46 235.14 25.85 38.10 100.44
223.49 232.57 218.56 215.85 218.30 291.48 127.14 33.41 134.62 221.29 230.60 219.19 223.72 221.65 248.54 245.61 221.03 224.53 236.47 223.60 219.41 70.76 20.33 267.14 147.78 105.52 154.44 295.14 221.76 189.58 214.97 147.14 247.89 40.44 265.63 159.56 250.45 167.99 93.79 221.17 194.73 221.60 147.56 0.00 228.78 162.64 219.49 166.93 236.34 106.25 225.69 237.44 237.14 236.68 70.76 217.26 274.46 152.86 182.63 221.11 252.07 229.91 309.40 186.81 147.16 117.51 166.23 118.01 47.12
5.56 10.58 37.53 38.84 11.08 64.75 126.68 260.55 215.02 7.53 9.63 40.33 5.43 7.14 23.51 17.21 7.82 5.97 7.98 5.59 9.71 195.14 209.51 63.25 81.82 332.71 86.77 78.01 57.03 56.57 18.77 366.29 58.85 258.35 59.04 104.81 55.27 157.19 162.63 11.96 34.36 7.20 125.26 228.78 0.00 95.72 16.38 123.71 14.34 327.73 3.56 76.84 238.58 8.00 195.14 13.47 74.81 375.95 138.50 229.64 84.40 78.59 100.41 160.39 217.50 338.77 101.20 124.13 189.13
92.60 104.71 112.28 110.95 85.29 158.02 37.61 189.46 119.38 89.41 102.92 114.84 92.94 90.26 119.21 111.64 90.30 94.97 103.21 92.93 86.79 110.06 142.34 109.49 48.39 267.43 20.99 139.71 128.89 100.19 93.59 283.81 145.33 199.85 152.52 9.26 144.02 65.37 76.39 84.09 68.06 89.83 29.57 162.64 95.72 0.00 97.28 32.32 95.15 248.09 94.35 75.06 156.18 101.44 110.06 91.34 167.27 295.64 53.61 144.26 89.53 67.35 149.85 74.47 121.85 258.53 9.00 44.70 116.27
12.34 13.65 22.23 23.09 16.72 71.98 124.73 251.80 215.33 14.05 11.90 25.19 12.18 13.22 29.09 28.12 12.34 10.54 20.57 12.01 15.71 190.35 200.67 79.58 75.04 322.41 85.07 93.79 42.29 40.77 4.57 359.44 49.50 247.52 55.41 106.53 47.28 161.12 158.78 22.35 30.01 13.83 126.31 219.49 16.38 97.28 0.00 127.33 30.68 320.33 13.21 90.12 245.88 22.78 190.35 6.70 69.99 368.50 144.07 236.12 98.90 90.86 116.57 166.12 218.73 331.47 103.85 120.19 181.69
121.29 133.38 143.64 142.46 113.95 183.07 42.80 189.69 95.81 118.07 131.72 146.29 121.63 118.98 146.86 138.50 119.15 123.80 130.71 121.64 115.44 104.48 147.30 124.48 78.98 268.60 52.16 155.27 160.78 132.51 123.94 274.24 176.19 206.32 181.93 24.06 174.51 33.80 73.73 111.78 99.04 118.48 19.95 166.93 123.71 32.32 127.33 0.00 120.77 241.15 122.83 83.62 123.97 128.52 104.48 121.08 197.11 287.43 22.83 111.95 95.92 75.29 160.82 42.36 95.88 250.96 24.06 57.29 119.87
18.84 22.64 51.72 53.12 19.85 62.88 128.62 267.55 214.28 18.82 22.59 54.45 18.89 19.13 28.41 18.77 20.11 20.16 14.58 19.07 19.34 198.93 216.74 48.91 88.58 340.95 89.27 65.07 70.93 70.29 32.68 371.41 70.12 267.18 66.72 103.89 65.87 153.61 165.82 15.39 42.12 18.76 124.60 236.34 14.34 95.15 30.68 120.77 0.00 333.40 17.51 65.33 231.59 11.14 198.93 26.90 82.76 381.60 133.62 223.40 71.56 68.10 86.73 155.18 215.94 344.35 99.53 127.80 195.24
322.73 332.80 321.84 319.21 316.83 391.92 210.49 73.15 167.62 320.21 330.80 322.74 322.99 320.70 348.96 344.89 320.20 324.10 335.63 322.89 318.08 138.19 121.81 357.36 245.96 68.64 245.92 387.12 326.61 293.64 315.76 40.93 352.41 101.46 369.27 242.37 354.60 228.45 171.71 318.83 293.38 320.56 225.06 106.25 327.73 248.09 320.33 241.15 333.40 0.00 324.92 321.81 264.26 335.38 138.19 317.29 378.97 48.22 249.45 250.01 335.47 313.66 397.89 244.77 177.79 11.30 248.88 206.92 138.68
2.20 10.57 34.88 36.03 9.08 67.28 124.69 257.54 213.53 5.02 9.06 37.74 1.98 4.32 25.28 20.00 4.72 2.68 10.78 2.12 7.59 192.70 206.47 66.38 78.96 329.51 84.75 81.55 54.62 53.08 15.30 363.57 57.88 255.07 59.36 103.49 54.59 156.42 160.34 11.80 31.57 4.62 123.84 225.69 3.56 94.35 13.21 122.83 17.51 324.92 0.00 78.50 238.64 11.40 192.70 9.91 74.95 373.14 138.09 229.50 86.52 79.91 103.87 160.03 216.19 335.98 100.07 121.78 186.28
78.43 87.03 112.28 112.81 73.53 115.80 112.19 264.52 178.07 76.15 86.42 115.27 78.69 77.03 93.03 83.16 77.85 80.89 79.79 78.82 74.43 183.66 217.12 43.32 102.56 342.44 84.79 73.30 132.39 120.10 89.62 356.37 135.28 273.95 131.33 79.65 131.18 109.68 150.43 67.78 78.46 76.41 97.05 237.44 76.84 75.06 90.12 83.62 65.33 321.81 78.50 0.00 172.83 76.41 183.66 83.88 147.31 368.90 86.25 166.89 14.84 8.33 77.23 104.66 176.31 332.01 73.03 119.46 191.30
237.54 249.02 264.53 263.71 230.55 288.32 153.60 244.67 103.83 234.44 247.69 267.35 237.88 235.41 259.82 250.35 235.82 240.20 244.28 237.93 231.95 167.39 222.94 214.42 202.30 315.97 176.02 241.14 282.81 256.13 243.16 282.92 295.37 276.38 297.50 147.99 292.83 93.59 157.76 226.88 220.07 234.83 135.40 237.14 238.58 156.18 245.88 123.97 231.59 264.26 238.64 172.83 0.00 241.42 167.39 239.26 313.37 299.89 103.22 16.06 176.34 166.91 234.53 81.72 91.49 270.36 147.55 168.93 198.88
13.52 12.03 42.05 43.74 18.54 57.64 133.33 268.39 220.82 15.41 12.46 44.62 13.36 15.11 18.54 10.22 15.82 13.34 3.45 13.51 17.33 202.35 217.37 58.39 89.55 340.67 93.51 71.01 60.64 63.51 25.91 373.84 58.98 266.34 56.27 110.42 54.77 161.76 169.67 17.53 42.10 15.11 131.01 236.68 8.00 101.44 22.78 128.52 11.14 335.38 11.40 76.41 241.42 0.00 202.35 21.12 72.27 383.60 142.42 232.91 82.67 78.99 93.93 164.17 222.98 346.41 106.50 131.26 196.82
190.59 201.63 196.49 194.16 184.06 259.89 72.55 86.73 67.78 187.78 199.64 198.03 190.88 188.39 217.68 212.31 188.04 192.32 203.11 190.80 185.43 0.00 55.56 219.51 115.64 165.33 109.85 249.56 205.88 171.72 185.86 173.87 229.55 111.01 243.33 104.18 230.49 99.09 33.74 185.15 161.39 188.16 87.26 70.76 195.14 110.06 190.35 104.48 198.93 138.19 192.70 183.66 167.39 202.35 0.00 186.26 255.33 185.59 116.37 151.33 197.43 175.53 259.74 117.60 79.91 148.52 110.70 71.16 33.78
8.14 15.52 28.42 28.97 10.35 74.63 119.68 249.33 209.79 8.53 13.52 31.42 8.16 7.95 31.70 28.59 6.95 7.80 19.84 7.98 9.56 186.26 198.22 75.37 71.49 320.72 79.85 91.42 48.54 43.39 6.07 356.19 56.12 246.08 61.18 100.58 53.75 154.85 154.35 16.32 25.04 8.45 120.53 217.26 13.47 91.34 6.70 121.08 26.90 317.29 9.91 83.88 239.26 21.12 186.26 0.00 76.06 365.49 137.58 229.57 93.02 84.42 113.57 159.62 212.99 328.39 97.72 115.73 178.61
76.24 64.45 58.86 61.17 83.47 52.07 193.40 307.72 284.87 79.42 65.90 57.31 75.90 78.48 54.43 64.27 78.20 73.63 69.25 75.86 82.01 255.33 257.30 118.61 140.21 372.41 154.32 113.60 52.82 85.39 73.74 419.11 26.58 296.77 16.04 176.52 24.83 230.85 225.36 86.60 99.57 79.02 196.22 274.46 74.81 167.27 69.99 197.11 82.76 378.97 74.95 147.31 313.37 72.27 255.33 76.06 0.00 426.65 213.00 304.42 151.19 150.71 138.06 234.97 288.57 390.25 173.78 187.22 242.10
370.95 381.00 369.77 367.13 365.05 440.12 258.08 119.45 208.78 368.43 379.00 370.62 371.21 368.92 397.16 393.11 368.42 372.32 383.85 371.11 366.30 185.59 169.35 405.04 294.17 84.96 293.95 434.93 374.16 341.39 363.93 17.74 400.08 141.74 417.15 289.68 402.37 272.76 219.26 367.04 341.60 368.78 271.93 152.86 375.95 295.64 368.50 287.43 381.60 48.22 373.14 368.90 299.89 383.60 185.59 365.49 426.65 0.00 294.49 286.59 382.38 360.70 445.29 288.29 217.88 37.27 296.14 254.93 186.88
136.76 148.64 161.83 160.89 129.54 194.38 63.52 202.96 93.34 133.58 147.13 164.61 137.10 134.52 160.96 152.03 134.82 139.37 144.94 137.14 131.00 116.37 163.62 129.25 101.36 281.69 74.21 159.54 179.78 152.99 141.05 280.43 193.47 222.65 197.44 46.25 191.33 23.79 88.88 126.57 117.21 133.98 40.64 182.63 138.50 53.61 144.07 22.83 133.62 249.45 138.09 86.25 103.22 142.42 116.37 137.58 213.00 294.49 0.00 92.31 96.09 78.32 161.59 22.05 90.42 258.75 44.73 78.75 136.11
228.30 239.98 254.14 253.20 221.19 281.56 139.37 228.91 88.05 225.15 238.56 256.92 228.63 226.11 251.41 242.11 226.47 230.94 235.65 228.68 222.61 151.33 206.89 209.31 189.43 300.71 163.61 237.01 272.03 244.45 233.22 269.80 285.59 260.39 288.68 135.78 283.29 80.27 142.09 217.82 209.52 225.55 122.04 221.11 229.64 144.26 236.12 111.95 223.40 250.01 229.50 166.89 16.06 232.91 151.33 229.57 304.42 286.59 92.31 0.00 171.66 160.47 232.02 70.35 75.80 256.39 135.85 154.51 182.87
86.78 94.04 121.12 121.93 82.75 115.23 126.40 278.91 188.97 84.87 93.71 124.06 87.00 85.68 97.77 88.04 86.57 89.07 86.12 87.15 83.46 197.43 231.75 38.27 117.11 356.96 99.63 65.54 141.08 131.48 98.97 369.62 141.51 288.71 135.43 93.73 137.01 119.82 164.40 76.71 90.55 85.08 110.45 252.07 84.40 89.53 98.90 95.92 71.56 335.47 86.52 14.84 176.34 82.67 197.43 93.02 151.19 382.38 96.09 171.66 0.00 22.18 65.56 112.94 186.50 345.58 87.07 134.06 205.81
79.61 89.01 112.80 113.12 74.15 121.42 104.26 256.73 169.85 77.10 88.22 115.81 79.89 78.03 96.28 86.44 78.78 82.17 82.27 80.01 75.18 175.53 209.60 50.96 97.10 334.78 78.06 81.24 132.90 118.54 89.95 348.12 137.40 266.68 134.69 71.64 133.56 101.64 142.38 68.70 76.52 77.40 88.81 229.91 78.59 67.35 90.86 75.29 68.10 313.66 79.91 8.33 166.91 78.99 175.53 84.42 150.71 360.70 78.32 160.47 22.18 0.00 85.56 97.13 168.21 323.83 64.99 111.91 183.63
105.44 105.13 135.14 137.13 106.08 88.11 187.46 338.13 254.53 105.54 106.08 137.39 105.45 105.86 98.23 91.95 106.84 106.39 96.60 105.63 105.82 259.74 289.15 42.72 165.33 414.91 154.98 24.87 151.73 156.94 119.17 433.08 140.40 343.86 125.41 155.61 134.63 185.35 226.18 100.54 125.06 105.49 173.94 309.40 100.41 149.85 116.57 160.82 86.73 397.89 103.87 77.23 234.53 93.93 259.74 113.57 138.06 445.29 161.59 232.02 65.56 85.56 0.00 177.74 252.00 408.25 149.18 192.69 264.54
158.73 170.57 183.84 182.87 151.53 215.37 77.33 204.02 81.70 155.55 169.08 186.60 159.07 156.50 182.71 173.69 156.82 161.34 166.74 159.11 152.98 117.60 168.83 147.97 121.19 281.93 94.52 177.72 201.68 174.44 163.10 273.46 215.52 227.23 219.38 66.42 213.37 18.91 94.80 148.48 139.19 155.95 56.16 186.81 160.39 74.47 166.12 42.36 155.18 244.77 160.03 104.66 81.72 164.17 117.60 159.62 234.97 288.29 22.05 70.35 112.94 97.13 177.74 0.00 76.29 253.48 65.83 93.04 141.72
214.45 226.56 231.88 230.20 207.13 278.60 97.96 153.18 12.55 211.26 224.76 234.19 214.79 212.11 240.96 233.12 212.14 216.81 224.89 214.78 208.63 79.91 134.69 218.83 154.26 225.32 134.68 249.40 246.42 214.21 214.85 202.02 265.57 185.63 274.12 112.70 264.80 66.71 81.79 205.78 189.00 211.67 92.46 147.16 217.50 121.85 218.73 95.88 215.94 177.79 216.19 176.31 91.49 222.98 79.91 212.99 288.57 217.88 90.42 75.80 186.50 168.21 252.00 76.29 0.00 185.19 116.50 109.12 113.33
333.80 343.91 333.09 330.46 327.87 403.01 220.95 84.35 175.37 331.26 341.90 334.00 334.06 331.75 360.07 355.95 331.26 335.18 346.69 333.95 329.12 148.52 133.10 367.88 257.03 72.24 256.68 397.72 337.90 304.91 326.90 29.79 363.69 111.59 380.52 252.67 365.87 237.44 182.13 329.81 304.43 331.61 235.14 117.51 338.77 258.53 331.47 250.96 344.35 11.30 335.98 332.01 270.36 346.41 148.52 328.39 390.25 37.27 258.75 256.39 345.58 323.83 408.25 253.48 185.19 0.00 259.16 217.66 149.79
98.42 110.55 119.68 118.46 91.08 162.33 39.45 192.08 114.82 95.21 108.82 122.31 98.76 96.09 124.58 116.63 96.20 100.87 108.47 98.76 92.58 110.70 146.03 109.90 57.37 270.45 29.98 140.47 136.72 108.64 100.32 283.91 152.41 204.11 158.79 6.71 150.88 57.65 77.40 89.38 75.17 95.62 25.85 166.23 101.20 9.00 103.85 24.06 99.53 248.88 100.07 73.03 147.55 106.50 110.70 97.72 173.78 296.14 44.73 135.85 87.07 64.99 149.18 65.83 116.50 259.16 0.00 49.17 119.45
119.69 130.95 128.57 126.47 113.05 188.85 15.72 145.52 102.31 116.82 128.97 130.45 119.99 117.47 146.89 141.26 117.16 121.51 132.10 119.92 114.44 71.16 97.70 151.15 47.38 223.04 39.04 180.43 140.52 107.04 115.78 244.09 162.28 155.19 174.33 42.72 162.55 76.56 38.62 114.01 90.72 117.21 38.10 118.01 124.13 44.70 120.19 57.29 127.80 206.92 121.78 119.46 168.93 131.26 71.16 115.73 187.22 254.93 78.75 154.51 134.06 111.91 192.69 93.04 109.12 217.66 49.17 0.00 72.01
184.09 194.12 184.11 181.55 178.28 253.24 80.18 73.60 101.37 181.61 192.12 185.20 184.35 182.08 210.28 206.27 181.57 185.44 197.01 184.24 179.51 33.78 27.52 222.70 107.32 151.15 109.81 251.47 190.56 156.82 177.13 177.83 215.69 86.60 231.58 112.76 217.44 122.81 47.31 180.46 154.77 181.95 100.44 47.12 189.13 116.27 181.69 119.87 195.24 138.68 186.28 191.30 198.88 196.82 33.78 178.61 242.10 186.88 136.11 182.87 205.81 183.63 264.54 141.72 113.33 149.79 119.45 72.01 0.00
